750
1
28
23
567
11
484 511
22
775
3
291 689
196
436
50
155 833
193
214 773
5
652
13
606
230
497
594
51 958
75
616
499
723
127
217
570
951
4
167
9
118 879
149
532
284
415 581
34
275
70
150 841
35
358
509
557
24
125
81
450
43
424 572
48
375 622
90
314
462
162 818
103
294
218 769
365 632
7
286
78
442
29
172 808
53 956
175 805
92
260
145
768
139
550
313
402 598
17
387
225
327 668
301
488
935
259 715
89
300
754
394 603
164
248 735
54 952
482 517
33
38
52 957
190 796
328
393
520
382 619
56
87
189
124 873
77
8 995
779
449 545
42
276
950
408 586
60
197
83
339 659
62
576
47 960
49 961
98
140
99 901
199 788
14
464 529
25
602
41
433
272
64 943
16
454 544
72 929
88 912
19
298
216
390 609
21
203
546
80 920
179
194
209
215 770
136
169 810
404
376 620
212
372 624
396
324 670
39
123 876
229
256 717
45
36 974
73
182 800
122
141
187
206 781
184
755
320
102 897
63
505
302
367
74
100
109
820
132
176
279
101 898
174
704
777
413 585
106
644
309
536
112
147 840
44 967
398 600
107
113
463
417 579
441
104 894
860
335 664
110
15 988
311
133 862
121
201
202
337 661
148
245
210
406
342
310 676
742
452 543
111
423
756
115 885
135
208
588
6 993
120
638
68 937
297 685
159
370
71 930
84 918
142
178
154
483
332
416
65 941
338 660
166
296
479
761
251
596
485
921
170
746
283
732
186
299
219
288 696
292
648
702
888
369
55 953
285 698
289 697
211
287
144 847
445 552
267
457
312
803
241
329
347
893
308
381
845
252 726
177
153 835
239
899
181
254
277
361
205
76 928
305
114 884
261
472
278
27 982
192
478 513
591
964
220
745
451
105 892
235
519
253 720
359 634
293
400
349
138 856
213
222
514
869
274
69 932
722
978
315
474 522
605
867
374
82 919
827
246 737
228
281
231 753
269 709
411
96 903
403 595
471 523
340
778
360
473
378
290 695
864
997
232
247
255
855
233
343 653
728
925
240
160 825
468
502
265
516
268
435
258
688
907
117 882
333
430
507
134 858
323
923
439
20 984
549
198 789
641
992
282
303
334
356
429
146 846
597
130 866
316
736
730
40 968
541
942
555
93 910
317
352
325
30 980
391
908
467
815
319
238 750
421
10 991
346
161 824
257 716
401 590
326
348
611
741
397
623
420
12 990
351
357
792
191 794
446
924
500
647
354
480
663
870
431
712
453
799
448
533
460
654
515
264 710
94 909
318 675
362
364
743
243 744
456
67 934
627
849
379
389
440
719
538
157 832
344 651
368 630
486
508
574
807
540
385 615
271 701
410 582
491
504
671
776
526
939
273 700
383 618
377
425
412
584
477
559
531
108 891
380
530
493
551
489
384 617
234 752
470 524
506
539
373 625
469 525
975
85 915
561
66 940
79 927
237 751
554
388 612
969
26 981
556
341 657
785
59 946
614
244 740
739
200 783
669
865
786
236 758
560
771
613
727
569
645
650
438 558
575
802
677
58 947
592
249 731
829
878
565
604
713
185 797
610
165 814
836
226 760
593
725
729
812
626
629
757
129 868
621
656
678
747
642
263 711
809
350 637
639
706
896
936
640
718
399 599
481 512
646
679
819
227 759
658
667
682
151 838
649
655
998
183 798
355 635
392 607
708
886
811
250 721
766
409 583
826
188 795
672
156 834
707
131 861
690
331 665
780
180 801
680
119 881
738
2 996
687
32 977
931
414 580
691
787
830
128 871
692
221 765
0 999
428 564
693
724
895
168 817
694
195 793
987
61 945
733
772
444 548
494 498
764
821
877
137 857
734
852
95 904
163 816
748
906
158 828
386 608
767
823
844
31 979
804
126 872
900
242 749
784
831
295 686
407 587
822
465 528
890
171 813
790
839
791
307 681
850
143 853
57 949
266 705
842
922
880
345 643
843
851
18 985
37 973
848
933
989
270 703
917
262 714
913
173 806
97 902
353 636
854
926
116 883
304 684
859
874
204 782
207 774
863
887
905
152 837
914
959
963
91 911
875
889
966
983
86 916
224 762
938
970
280 699
432 566
944
962
321 674
336 662
948
986
954
972
955
994
363 633
447 547
971
46 965
455 542
458 535
976
223 763
306 683
418 578
366 631
443 553
322 673
395 601
330 666
405 589
371 628
434 563
419 577
461 534
422 573
427 568
437 562
490 503
459 537
475 521
426 571
466 527
476 518
492 501
487 510
495 496
